1111111110000000
1111110111000000
1111110011100000
1111110001110000
1111110000111000
1111110000011100
1111110000001110
1111110000000111
1110111111000000
1110111011100000
1110111001110000
1110111000111000
1110111000011100
1110111000001110
1110111000000111
1110011111100000
1110011101110000
1110011100111000
1110011100011100
1110011100001110
1110011100000111
1110001111110000
1110001110111000
1110001110011100
1110001110001110
1110001110000111
1110000111111000
1110000111011100
1110000111001110
1110000111000111
1110000011111100
1110000011101110
1110000011100111
1110000001111110
1110000001110111
1110000000111111
0111111111000000
0111111011100000
0111111001110000
0111111000111000
0111111000011100
0111111000001110
0111111000000111
0111011111100000
0111011101110000
0111011100111000
0111011100011100
0111011100001110
0111011100000111
0111001111110000
0111001110111000
0111001110011100
0111001110001110
0111001110000111
0111000111111000
0111000111011100
0111000111001110
0111000111000111
0111000011111100
0111000011101110
0111000011100111
0111000001111110
0111000001110111
0111000000111111
0011111111100000
0011111101110000
0011111100111000
0011111100011100
0011111100001110
0011111100000111
0011101111110000
0011101110111000
0011101110011100
0011101110001110
0011101110000111
0011100111111000
0011100111011100
0011100111001110
0011100111000111
0011100011111100
0011100011101110
0011100011100111
0011100001111110
0011100001110111
0011100000111111
0001111111110000
0001111110111000
0001111110011100
0001111110001110
0001111110000111
0001110111111000
0001110111011100
0001110111001110
0001110111000111
0001110011111100
0001110011101110
0001110011100111
0001110001111110
0001110001110111
0001110000111111
0000111111111000
0000111111011100
0000111111001110
0000111111000111
0000111011111100
0000111011101110
0000111011100111
0000111001111110
0000111001110111
0000111000111111
0000011111111100
0000011111101110
0000011111100111
0000011101111110
0000011101110111
0000011100111111
0000001111111110
0000001111110111
0000001110111111
0000000111111111