1110000000
1101000000
1100100000
1100010000
1100001000
1100000100
1100000010
1100000001
1011000000
1010100000
1010010000
1010001000
1010000100
1010000010
1010000001
1001100000
1001010000
1001001000
1001000100
1001000010
1001000001
1000110000
1000101000
1000100100
1000100010
1000100001
1000011000
1000010100
1000010010
1000010001
1000001100
1000001010
1000001001
1000000110
1000000101
1000000011
0111000000
0110100000
0110010000
0110001000
0110000100
0110000010
0110000001
0101100000
0101010000
0101001000
0101000100
0101000010
0101000001
0100110000
0100101000
0100100100
0100100010
0100100001
0100011000
0100010100
0100010010
0100010001
0100001100
0100001010
0100001001
0100000110
0100000101
0100000011
0011100000
0011010000
0011001000
0011000100
0011000010
0011000001
0010110000
0010101000
0010100100
0010100010
0010100001
0010011000
0010010100
0010010010
0010010001
0010001100
0010001010
0010001001
0010000110
0010000101
0010000011
0001110000
0001101000
0001100100
0001100010
0001100001
0001011000
0001010100
0001010010
0001010001
0001001100
0001001010
0001001001
0001000110
0001000101
0001000011
0000111000
0000110100
0000110010
0000110001
0000101100
0000101010
0000101001
0000100110
0000100101
0000100011
0000011100
0000011010
0000011001
0000010110
0000010101
0000010011
0000001110
0000001101
0000001011
0000000111